0 0.476015625 0.19859375 0.0666015625 0.076484375
0 0.097109375 0.122109375 0.0565625 0.0686328125
0 0.2498046875 0.265 0.0755078125 0.0865625
0 0.87015625 0.849453125 0.055078125 0.0761328125
0 0.931171875 0.91328125 0.0729296875 0.058671875
0 0.7942578125 0.9584765625 0.066953125 0.063515625
0 0.231953125 0.9465625 0.1291015625 0.084375
0 0.478046875 0.5586328125 0.0446484375 0.0562109375
0 0.03609375 0.19578125 0.0684375 0.1118359375
0 0.328515625 0.4008203125 0.058046875 0.068046875
0 0.27640625 0.4138671875 0.058046875 0.086640625
0 0.303203125 0.46765625 0.058046875 0.06546875
0 0.1912109375 0.82171875 0.0290234375 0.0392578125
0 0.237734375 0.6659765625 0.055078125 0.05890625
0 0.1984765625 0.7487890625 0.047265625 0.0421875
0 0.613828125 0.571640625 0.0409375 0.07484375
0 0.5202734375 0.6959375 0.07328125 0.0406640625
0 0.94734375 0.3394140625 0.064375 0.0568359375
0 0.0193359375 0.38484375 0.0305078125 0.088125
0 0.060625 0.07 0.058046875 0.0834765625
0 0.1095703125 0.36546875 0.100078125 0.064296875
0 0.158671875 0.395234375 0.034609375 0.03453125
0 0.1692578125 0.4226171875 0.0520703125 0.0483203125
0 0.186953125 0.568671875 0.031640625 0.0391015625
0 0.1015625 0.6959375 0.06546875 0.02578125
0 0.056171875 0.81875 0.0788671875 0.107734375
0 0.386171875 0.817421875 0.0915234375 0.0567578125
0 0.2814453125 0.8209765625 0.071796875 0.0675390625
0 0.4587109375 0.9214453125 0.0505859375 0.0452734375
0 0.3712890625 0.981015625 0.10640625 0.0379296875
0 0.476171875 0.379609375 0.167421875 0.033046875